SALIDA DEL PROGRAMA



1. 15 * 5 = 75.000000

2.
 n_days:1329

 days:3
week:33
year:3

3. d_e(25,15,35,10) = 11.180340

4. 0
1
2
3
4
5
6
7
8
9

5. right-angled triangle 15 lines

*
**
***
****
*****
******
*******
********
*********
**********
***********
************
*************
**************

5. right-angled triangle inv 15 lines
***************
**************
*************
************
***********
**********
*********
********
*******
******
*****
****
***
**
*

5. triangle 15 lines

*
**
***
****
*****
******
*******
********
*********
**********
***********
************
*************
**************
***************
**************
*************
************
***********
**********
*********
********
*******
******
*****
****
***
**
*

6.matrix of ones

1.000000	1.000000	1.000000	1.000000	1.000000	1.000000	1.000000	
1.000000	1.000000	1.000000	1.000000	1.000000	1.000000	1.000000	
1.000000	1.000000	1.000000	1.000000	1.000000	1.000000	1.000000	
1.000000	1.000000	1.000000	1.000000	1.000000	1.000000	1.000000	
1.000000	1.000000	1.000000	1.000000	1.000000	1.000000	1.000000	
1.000000	1.000000	1.000000	1.000000	1.000000	1.000000	1.000000	
1.000000	1.000000	1.000000	1.000000	1.000000	1.000000	1.000000	
7. random value matrix

3.000000	6.000000	7.000000	5.000000	3.000000	5.000000	
6.000000	2.000000	9.000000	1.000000	2.000000	7.000000	
0.000000	9.000000	3.000000	6.000000	0.000000	6.000000	
2.000000	6.000000	1.000000	8.000000	7.000000	9.000000	
2.000000	0.000000	2.000000	3.000000	7.000000	5.000000	
9.000000	2.000000	2.000000	8.000000	9.000000	7.000000	
8. matrix sum

3.000000	1.000000	9.000000	1.000000	4.000000	
8.000000	5.000000	3.000000	1.000000	6.000000	
2.000000	6.000000	5.000000	4.000000	6.000000	
6.000000	3.000000	4.000000	2.000000	4.000000	
4.000000	3.000000	7.000000	6.000000	8.000000	
-------

6.000000	2.000000	3.000000	9.000000	7.000000	
4.000000	0.000000	6.000000	0.000000	3.000000	
0.000000	1.000000	5.000000	7.000000	5.000000	
9.000000	7.000000	5.000000	5.000000	7.000000	
4.000000	0.000000	8.000000	8.000000	4.000000	
-------

9.000000	3.000000	12.000000	10.000000	11.000000	
12.000000	5.000000	9.000000	1.000000	9.000000	
2.000000	7.000000	10.000000	11.000000	11.000000	
15.000000	10.000000	9.000000	7.000000	11.000000	
8.000000	3.000000	15.000000	14.000000	12.000000	
9. matrix sub

3.000000	4.000000	2.000000	6.000000	9.000000	
6.000000	4.000000	5.000000	4.000000	7.000000	
7.000000	7.000000	2.000000	1.000000	6.000000	
5.000000	4.000000	0.000000	1.000000	7.000000	
1.000000	9.000000	7.000000	7.000000	6.000000	
-------

1.000000	9.000000	0.000000	8.000000	2.000000	
6.000000	9.000000	0.000000	8.000000	1.000000	
2.000000	2.000000	6.000000	0.000000	1.000000	
9.000000	9.000000	9.000000	7.000000	1.000000	
5.000000	7.000000	6.000000	3.000000	5.000000	
-------

2.000000	-5.000000	2.000000	-2.000000	7.000000	
0.000000	-5.000000	5.000000	-4.000000	6.000000	
5.000000	5.000000	-4.000000	1.000000	5.000000	
-4.000000	-5.000000	-9.000000	-6.000000	6.000000	
-4.000000	2.000000	1.000000	4.000000	1.000000	
10. matrix multiplication

6.000000	9.000000	8.000000	2.000000	3.000000	
0.000000	8.000000	0.000000	6.000000	8.000000	
6.000000	1.000000	9.000000	4.000000	1.000000	
3.000000	4.000000	4.000000	7.000000	3.000000	
7.000000	9.000000	2.000000	7.000000	5.000000	
-------

3.000000	4.000000	1.000000	9.000000	9.000000	
8.000000	5.000000	9.000000	3.000000	5.000000	
1.000000	5.000000	8.000000	8.000000	0.000000	
0.000000	4.000000	4.000000	6.000000	1.000000	
5.000000	6.000000	1.000000	8.000000	7.000000	
-------

113.000000	135.000000	162.000000	181.000000	122.000000	
104.000000	112.000000	104.000000	124.000000	102.000000	
40.000000	96.000000	104.000000	161.000000	70.000000	
60.000000	98.000000	102.000000	137.000000	75.000000	
120.000000	141.000000	137.000000	188.000000	150.000000	